1,1,405.000,250.000,255.000,780.000,1,-1,-1,-1
1,2,840.000,160.000,325.000,750.000,1,-1,-1,-1
1,3,850.000,555.000,425.000,730.000,1,-1,-1,-1
1,4,1490.000,275.000,365.000,810.000,1,-1,-1,-1
1,5,1850.000,305.000,335.000,820.000,1,-1,-1,-1
2,1,404.000,250.000,255.000,780.000,1,-1,-1,-1
2,2,840.000,160.000,325.000,750.000,1,-1,-1,-1
2,3,852.000,555.000,425.000,730.000,1,-1,-1,-1
2,4,1491.000,275.000,365.000,810.000,1,-1,-1,-1
2,5,1850.000,305.000,335.000,820.000,1,-1,-1,-1
3,1,404.000,251.000,255.000,780.000,1,-1,-1,-1
3,2,841.000,160.000,325.000,750.000,1,-1,-1,-1
3,3,854.000,555.000,425.000,730.000,1,-1,-1,-1
3,4,1492.000,275.000,365.000,810.000,1,-1,-1,-1
3,5,1851.000,306.000,335.000,820.000,1,-1,-1,-1
4,1,403.000,251.000,255.000,780.000,1,-1,-1,-1
4,2,841.000,160.000,325.000,750.000,1,-1,-1,-1
4,3,856.000,554.000,425.000,730.000,1,-1,-1,-1
4,4,1493.000,276.000,365.000,810.000,1,-1,-1,-1
4,5,1851.000,306.000,335.000,820.000,1,-1,-1,-1
5,1,402.000,251.000,255.000,780.000,1,-1,-1,-1
5,2,841.000,160.000,325.000,750.000,1,-1,-1,-1
5,3,858.000,554.000,425.000,730.000,1,-1,-1,-1
5,4,1494.000,276.000,365.000,810.000,1,-1,-1,-1
5,5,1851.000,306.000,335.000,820.000,1,-1,-1,-1
6,1,402.000,251.000,255.000,780.000,1,-1,-1,-1
6,2,841.000,160.000,325.000,750.000,1,-1,-1,-1
6,3,860.000,554.000,425.000,730.000,1,-1,-1,-1
6,4,1495.000,276.000,365.000,810.000,1,-1,-1,-1
6,5,1852.000,306.000,335.000,820.000,1,-1,-1,-1
7,1,401.000,252.000,255.000,780.000,1,-1,-1,-1
7,2,842.000,160.000,325.000,750.000,1,-1,-1,-1
7,3,862.000,554.000,425.000,730.000,1,-1,-1,-1
7,4,1496.000,276.000,365.000,810.000,1,-1,-1,-1
7,5,1852.000,307.000,335.000,820.000,1,-1,-1,-1
8,1,400.000,252.000,255.000,780.000,1,-1,-1,-1
8,2,842.000,160.000,325.000,750.000,1,-1,-1,-1
8,3,864.000,554.000,425.000,730.000,1,-1,-1,-1
8,4,1497.000,276.000,365.000,810.000,1,-1,-1,-1
8,5,1852.000,307.000,335.000,820.000,1,-1,-1,-1
9,1,399.000,252.000,255.000,780.000,1,-1,-1,-1
9,2,842.000,160.000,325.000,750.000,1,-1,-1,-1
9,3,867.000,554.000,425.000,730.000,1,-1,-1,-1
9,4,1498.000,276.000,365.000,810.000,1,-1,-1,-1
9,5,1853.000,307.000,335.000,820.000,1,-1,-1,-1
10,1,399.000,252.000,255.000,780.000,1,-1,-1,-1
10,2,842.000,160.000,325.000,750.000,1,-1,-1,-1
10,3,869.000,553.000,425.000,730.000,1,-1,-1,-1
10,4,1499.000,277.000,365.000,810.000,1,-1,-1,-1
10,5,1853.000,307.000,335.000,820.000,1,-1,-1,-1
11,1,398.000,253.000,255.000,780.000,1,-1,-1,-1
11,2,843.000,160.000,325.000,750.000,1,-1,-1,-1
11,3,871.000,553.000,425.000,730.000,1,-1,-1,-1
11,4,1500.000,277.000,365.000,810.000,1,-1,-1,-1
11,5,1853.000,308.000,335.000,820.000,1,-1,-1,-1
12,1,397.000,253.000,255.000,780.000,1,-1,-1,-1
12,2,843.000,160.000,325.000,750.000,1,-1,-1,-1
12,3,873.000,553.000,425.000,730.000,1,-1,-1,-1
12,4,1501.000,277.000,365.000,810.000,1,-1,-1,-1
12,5,1854.000,308.000,335.000,820.000,1,-1,-1,-1
13,1,397.000,253.000,255.000,780.000,1,-1,-1,-1
13,2,843.000,160.000,325.000,750.000,1,-1,-1,-1
13,3,875.000,553.000,425.000,730.000,1,-1,-1,-1
13,4,1502.000,277.000,365.000,810.000,1,-1,-1,-1
13,5,1854.000,308.000,335.000,820.000,1,-1,-1,-1
14,1,396.000,254.000,255.000,780.000,1,-1,-1,-1
14,2,844.000,160.000,325.000,750.000,1,-1,-1,-1
14,3,877.000,553.000,425.000,730.000,1,-1,-1,-1
14,4,1503.000,277.000,365.000,810.000,1,-1,-1,-1
14,5,1854.000,309.000,335.000,820.000,1,-1,-1,-1
15,1,395.000,254.000,255.000,780.000,1,-1,-1,-1
15,2,844.000,160.000,325.000,750.000,1,-1,-1,-1
15,3,879.000,553.000,425.000,730.000,1,-1,-1,-1
15,4,1504.000,277.000,365.000,810.000,1,-1,-1,-1
15,5,1855.000,309.000,335.000,820.000,1,-1,-1,-1
16,1,395.000,254.000,255.000,780.000,1,-1,-1,-1
16,2,844.000,160.000,325.000,750.000,1,-1,-1,-1
16,3,881.000,552.000,425.000,730.000,1,-1,-1,-1
16,4,1506.000,278.000,365.000,810.000,1,-1,-1,-1
16,5,1855.000,309.000,335.000,820.000,1,-1,-1,-1
17,1,394.000,254.000,255.000,780.000,1,-1,-1,-1
17,2,844.000,160.000,325.000,750.000,1,-1,-1,-1
17,3,883.000,552.000,425.000,730.000,1,-1,-1,-1
17,4,1507.000,278.000,365.000,810.000,1,-1,-1,-1
17,5,1856.000,309.000,335.000,820.000,1,-1,-1,-1
18,1,393.000,255.000,255.000,780.000,1,-1,-1,-1
18,2,845.000,160.000,325.000,750.000,1,-1,-1,-1
18,3,885.000,552.000,425.000,730.000,1,-1,-1,-1
18,4,1508.000,278.000,365.000,810.000,1,-1,-1,-1
18,5,1856.000,310.000,335.000,820.000,1,-1,-1,-1
19,1,393.000,255.000,255.000,780.000,1,-1,-1,-1
19,2,845.000,160.000,325.000,750.000,1,-1,-1,-1
19,3,887.000,552.000,425.000,730.000,1,-1,-1,-1
19,4,1509.000,278.000,365.000,810.000,1,-1,-1,-1
19,5,1856.000,310.000,335.000,820.000,1,-1,-1,-1
20,1,392.000,255.000,255.000,780.000,1,-1,-1,-1
20,2,845.000,160.000,325.000,750.000,1,-1,-1,-1
20,3,889.000,552.000,425.000,730.000,1,-1,-1,-1
20,4,1510.000,278.000,365.000,810.000,1,-1,-1,-1
20,5,1857.000,310.000,335.000,820.000,1,-1,-1,-1
21,1,391.000,256.000,255.000,780.000,1,-1,-1,-1
21,2,846.000,160.000,325.000,750.000,1,-1,-1,-1
21,3,891.000,552.000,425.000,730.000,1,-1,-1,-1
21,4,1511.000,278.000,365.000,810.000,1,-1,-1,-1
21,5,1857.000,311.000,335.000,820.000,1,-1,-1,-1
22,1,391.000,256.000,255.000,780.000,1,-1,-1,-1
22,2,846.000,160.000,325.000,750.000,1,-1,-1,-1
22,3,893.000,551.000,425.000,730.000,1,-1,-1,-1
22,4,1512.000,279.000,365.000,810.000,1,-1,-1,-1
22,5,1857.000,311.000,335.000,820.000,1,-1,-1,-1
23,1,390.000,256.000,255.000,780.000,1,-1,-1,-1
23,2,846.000,160.000,325.000,750.000,1,-1,-1,-1
23,3,896.000,551.000,425.000,730.000,1,-1,-1,-1
23,4,1513.000,279.000,365.000,810.000,1,-1,-1,-1
23,5,1858.000,311.000,335.000,820.000,1,-1,-1,-1
24,1,389.000,256.000,255.000,780.000,1,-1,-1,-1
24,2,846.000,160.000,325.000,750.000,1,-1,-1,-1
24,3,898.000,551.000,425.000,730.000,1,-1,-1,-1
24,4,1514.000,279.000,365.000,810.000,1,-1,-1,-1
24,5,1858.000,311.000,335.000,820.000,1,-1,-1,-1
25,1,388.000,257.000,255.000,780.000,1,-1,-1,-1
25,2,847.000,160.000,325.000,750.000,1,-1,-1,-1
25,3,900.000,551.000,425.000,730.000,1,-1,-1,-1
25,4,1515.000,279.000,365.000,810.000,1,-1,-1,-1
25,5,1858.000,312.000,335.000,820.000,1,-1,-1,-1
26,1,388.000,257.000,255.000,780.000,1,-1,-1,-1
26,2,847.000,160.000,325.000,750.000,1,-1,-1,-1
26,3,902.000,551.000,425.000,730.000,1,-1,-1,-1
26,4,1516.000,279.000,365.000,810.000,1,-1,-1,-1
26,5,1859.000,312.000,335.000,820.000,1,-1,-1,-1
27,1,387.000,257.000,255.000,780.000,1,-1,-1,-1
27,2,847.000,160.000,325.000,750.000,1,-1,-1,-1
27,3,904.000,551.000,425.000,730.000,1,-1,-1,-1
27,4,1517.000,279.000,365.000,810.000,1,-1,-1,-1
27,5,1859.000,312.000,335.000,820.000,1,-1,-1,-1
28,1,386.000,257.000,255.000,780.000,1,-1,-1,-1
28,2,847.000,160.000,325.000,750.000,1,-1,-1,-1
28,3,906.000,550.000,425.000,730.000,1,-1,-1,-1
28,4,1518.000,280.000,365.000,810.000,1,-1,-1,-1
28,5,1859.000,312.000,335.000,820.000,1,-1,-1,-1
29,1,386.000,258.000,255.000,780.000,1,-1,-1,-1
29,2,848.000,160.000,325.000,750.000,1,-1,-1,-1
29,3,908.000,550.000,425.000,730.000,1,-1,-1,-1
29,4,1519.000,280.000,365.000,810.000,1,-1,-1,-1
29,5,1860.000,313.000,335.000,820.000,1,-1,-1,-1
30,1,385.000,258.000,255.000,780.000,1,-1,-1,-1
30,2,848.000,160.000,325.000,750.000,1,-1,-1,-1
30,3,910.000,550.000,425.000,730.000,1,-1,-1,-1
30,4,1520.000,280.000,365.000,810.000,1,-1,-1,-1
30,5,1860.000,313.000,335.000,820.000,1,-1,-1,-1
31,1,360.000,160.000,225.000,690.000,1,-1,-1,-1
31,2,770.000,165.000,245.000,700.000,1,-1,-1,-1
31,3,980.000,420.000,305.000,625.000,1,-1,-1,-1
31,4,1365.000,260.000,300.000,760.000,1,-1,-1,-1
32,1,358.000,160.000,225.000,690.000,1,-1,-1,-1
32,2,772.000,165.000,245.000,700.000,1,-1,-1,-1
32,3,982.000,420.000,305.000,625.000,1,-1,-1,-1
32,4,1367.000,260.000,300.000,760.000,1,-1,-1,-1
33,1,356.000,160.000,225.000,690.000,1,-1,-1,-1
33,2,774.000,165.000,245.000,700.000,1,-1,-1,-1
33,3,984.000,420.000,305.000,625.000,1,-1,-1,-1
33,4,1369.000,260.000,300.000,760.000,1,-1,-1,-1
34,1,354.000,160.000,225.000,690.000,1,-1,-1,-1
34,2,776.000,165.000,245.000,700.000,1,-1,-1,-1
34,3,986.000,420.000,305.000,625.000,1,-1,-1,-1
34,4,1371.000,260.000,300.000,760.000,1,-1,-1,-1
35,1,352.000,160.000,225.000,690.000,1,-1,-1,-1
35,2,778.000,165.000,245.000,700.000,1,-1,-1,-1
35,3,988.000,420.000,305.000,625.000,1,-1,-1,-1
35,4,1373.000,260.000,300.000,760.000,1,-1,-1,-1
36,1,350.000,160.000,225.000,690.000,1,-1,-1,-1
36,2,780.000,165.000,245.000,700.000,1,-1,-1,-1
36,3,990.000,420.000,305.000,625.000,1,-1,-1,-1
36,4,1375.000,260.000,300.000,760.000,1,-1,-1,-1
37,1,348.000,160.000,225.000,690.000,1,-1,-1,-1
37,2,782.000,165.000,245.000,700.000,1,-1,-1,-1
37,3,992.000,420.000,305.000,625.000,1,-1,-1,-1
37,4,1377.000,260.000,300.000,760.000,1,-1,-1,-1
38,1,346.000,160.000,225.000,690.000,1,-1,-1,-1
38,2,784.000,165.000,245.000,700.000,1,-1,-1,-1
38,3,994.000,420.000,305.000,625.000,1,-1,-1,-1
38,4,1379.000,260.000,300.000,760.000,1,-1,-1,-1
39,1,344.000,160.000,225.000,690.000,1,-1,-1,-1
39,2,786.000,165.000,245.000,700.000,1,-1,-1,-1
39,3,996.000,420.000,305.000,625.000,1,-1,-1,-1
39,4,1381.000,260.000,300.000,760.000,1,-1,-1,-1
40,1,342.000,160.000,225.000,690.000,1,-1,-1,-1
40,2,788.000,165.000,245.000,700.000,1,-1,-1,-1
40,3,998.000,420.000,305.000,625.000,1,-1,-1,-1
40,4,1383.000,260.000,300.000,760.000,1,-1,-1,-1
41,1,340.000,160.000,225.000,690.000,1,-1,-1,-1
41,2,790.000,165.000,245.000,700.000,1,-1,-1,-1
41,3,1000.000,420.000,305.000,625.000,1,-1,-1,-1
41,4,1385.000,260.000,300.000,760.000,1,-1,-1,-1
42,1,338.000,160.000,225.000,690.000,1,-1,-1,-1
42,2,792.000,165.000,245.000,700.000,1,-1,-1,-1
42,3,1002.000,420.000,305.000,625.000,1,-1,-1,-1
42,4,1387.000,260.000,300.000,760.000,1,-1,-1,-1
43,1,336.000,160.000,225.000,690.000,1,-1,-1,-1
43,2,794.000,165.000,245.000,700.000,1,-1,-1,-1
43,3,1004.000,420.000,305.000,625.000,1,-1,-1,-1
43,4,1389.000,260.000,300.000,760.000,1,-1,-1,-1
44,1,334.000,160.000,225.000,690.000,1,-1,-1,-1
44,2,796.000,165.000,245.000,700.000,1,-1,-1,-1
44,3,1006.000,420.000,305.000,625.000,1,-1,-1,-1
44,4,1391.000,260.000,300.000,760.000,1,-1,-1,-1
45,1,332.000,160.000,225.000,690.000,1,-1,-1,-1
45,2,798.000,165.000,245.000,700.000,1,-1,-1,-1
45,3,1008.000,420.000,305.000,625.000,1,-1,-1,-1
45,4,1393.000,260.000,300.000,760.000,1,-1,-1,-1
46,1,330.000,160.000,225.000,690.000,1,-1,-1,-1
46,2,800.000,165.000,245.000,700.000,1,-1,-1,-1
46,3,1010.000,420.000,305.000,625.000,1,-1,-1,-1
46,4,1395.000,260.000,300.000,760.000,1,-1,-1,-1
47,1,328.000,160.000,225.000,690.000,1,-1,-1,-1
47,2,802.000,165.000,245.000,700.000,1,-1,-1,-1
47,3,1012.000,420.000,305.000,625.000,1,-1,-1,-1
47,4,1397.000,260.000,300.000,760.000,1,-1,-1,-1
48,1,326.000,160.000,225.000,690.000,1,-1,-1,-1
48,2,804.000,165.000,245.000,700.000,1,-1,-1,-1
48,3,1014.000,420.000,305.000,625.000,1,-1,-1,-1
48,4,1399.000,260.000,300.000,760.000,1,-1,-1,-1
49,1,324.000,160.000,225.000,690.000,1,-1,-1,-1
49,2,806.000,165.000,245.000,700.000,1,-1,-1,-1
49,3,1016.000,420.000,305.000,625.000,1,-1,-1,-1
49,4,1401.000,260.000,300.000,760.000,1,-1,-1,-1
50,1,322.000,160.000,225.000,690.000,1,-1,-1,-1
50,2,808.000,165.000,245.000,700.000,1,-1,-1,-1
50,3,1018.000,420.000,305.000,625.000,1,-1,-1,-1
50,4,1403.000,260.000,300.000,760.000,1,-1,-1,-1
51,1,320.000,160.000,225.000,690.000,1,-1,-1,-1
51,2,810.000,165.000,245.000,700.000,1,-1,-1,-1
51,3,1020.000,420.000,305.000,625.000,1,-1,-1,-1
51,4,1405.000,260.000,300.000,760.000,1,-1,-1,-1
52,1,318.000,160.000,225.000,690.000,1,-1,-1,-1
52,2,812.000,165.000,245.000,700.000,1,-1,-1,-1
52,3,1022.000,420.000,305.000,625.000,1,-1,-1,-1
52,4,1407.000,260.000,300.000,760.000,1,-1,-1,-1
53,1,316.000,160.000,225.000,690.000,1,-1,-1,-1
53,2,814.000,165.000,245.000,700.000,1,-1,-1,-1
53,3,1024.000,420.000,305.000,625.000,1,-1,-1,-1
53,4,1409.000,260.000,300.000,760.000,1,-1,-1,-1
54,1,314.000,160.000,225.000,690.000,1,-1,-1,-1
54,2,816.000,165.000,245.000,700.000,1,-1,-1,-1
54,3,1026.000,420.000,305.000,625.000,1,-1,-1,-1
54,4,1411.000,260.000,300.000,760.000,1,-1,-1,-1
55,1,312.000,160.000,225.000,690.000,1,-1,-1,-1
55,2,818.000,165.000,245.000,700.000,1,-1,-1,-1
55,3,1028.000,420.000,305.000,625.000,1,-1,-1,-1
55,4,1413.000,260.000,300.000,760.000,1,-1,-1,-1
56,1,310.000,160.000,225.000,690.000,1,-1,-1,-1
56,2,820.000,165.000,245.000,700.000,1,-1,-1,-1
56,3,1030.000,420.000,305.000,625.000,1,-1,-1,-1
56,4,1415.000,260.000,300.000,760.000,1,-1,-1,-1
57,1,308.000,160.000,225.000,690.000,1,-1,-1,-1
57,2,822.000,165.000,245.000,700.000,1,-1,-1,-1
57,3,1032.000,420.000,305.000,625.000,1,-1,-1,-1
57,4,1417.000,260.000,300.000,760.000,1,-1,-1,-1
58,1,306.000,160.000,225.000,690.000,1,-1,-1,-1
58,2,824.000,165.000,245.000,700.000,1,-1,-1,-1
58,3,1034.000,420.000,305.000,625.000,1,-1,-1,-1
58,4,1419.000,260.000,300.000,760.000,1,-1,-1,-1
59,1,304.000,160.000,225.000,690.000,1,-1,-1,-1
59,2,826.000,165.000,245.000,700.000,1,-1,-1,-1
59,3,1036.000,420.000,305.000,625.000,1,-1,-1,-1
59,4,1421.000,260.000,300.000,760.000,1,-1,-1,-1
60,1,302.000,160.000,225.000,690.000,1,-1,-1,-1
60,2,828.000,165.000,245.000,700.000,1,-1,-1,-1
60,3,1038.000,420.000,305.000,625.000,1,-1,-1,-1
60,4,1423.000,260.000,300.000,760.000,1,-1,-1,-1
121,401,300.000,175.000,235.000,755.000,1,-1,-1,-1
121,402,720.000,270.000,300.000,710.000,1,-1,-1,-1
121,403,1345.000,250.000,320.000,795.000,1,-1,-1,-1
121,404,840.000,145.000,325.000,475.000,1,-1,-1,-1
122,401,299.000,175.000,235.000,755.000,1,-1,-1,-1
122,402,722.000,270.000,300.000,710.000,1,-1,-1,-1
122,403,1346.000,250.000,320.000,795.000,1,-1,-1,-1
122,404,840.000,145.000,326.000,475.000,1,-1,-1,-1
123,401,298.000,175.000,235.000,755.000,1,-1,-1,-1
123,402,723.000,271.000,300.000,710.000,1,-1,-1,-1
123,403,1347.000,250.000,320.000,795.000,1,-1,-1,-1
123,404,841.000,145.000,325.000,475.000,1,-1,-1,-1
124,401,297.000,175.000,235.000,755.000,1,-1,-1,-1
124,402,724.000,272.000,300.000,710.000,1,-1,-1,-1
124,403,1348.000,251.000,320.000,795.000,1,-1,-1,-1
124,404,842.000,145.000,324.000,475.000,1,-1,-1,-1
125,401,296.000,175.000,235.000,755.000,1,-1,-1,-1
125,402,726.000,272.000,300.000,710.000,1,-1,-1,-1
125,403,1349.000,251.000,320.000,795.000,1,-1,-1,-1
125,404,842.000,145.000,325.000,475.000,1,-1,-1,-1
126,401,295.000,175.000,235.000,755.000,1,-1,-1,-1
126,402,728.000,272.000,300.000,710.000,1,-1,-1,-1
126,403,1350.000,251.000,320.000,795.000,1,-1,-1,-1
126,404,842.000,145.000,326.000,475.000,1,-1,-1,-1
127,401,294.000,175.000,235.000,755.000,1,-1,-1,-1
127,402,729.000,273.000,300.000,710.000,1,-1,-1,-1
127,403,1351.000,251.000,320.000,795.000,1,-1,-1,-1
127,404,843.000,145.000,325.000,475.000,1,-1,-1,-1
128,401,293.000,175.000,235.000,755.000,1,-1,-1,-1
128,402,730.000,274.000,300.000,710.000,1,-1,-1,-1
128,403,1352.000,251.000,320.000,795.000,1,-1,-1,-1
128,404,844.000,145.000,324.000,475.000,1,-1,-1,-1
129,401,292.000,175.000,235.000,755.000,1,-1,-1,-1
129,402,732.000,274.000,300.000,710.000,1,-1,-1,-1
129,403,1353.000,252.000,320.000,795.000,1,-1,-1,-1
129,404,844.000,145.000,325.000,475.000,1,-1,-1,-1
130,401,291.000,175.000,235.000,755.000,1,-1,-1,-1
130,402,734.000,274.000,300.000,710.000,1,-1,-1,-1
130,403,1354.000,252.000,320.000,795.000,1,-1,-1,-1
130,404,844.000,145.000,326.000,475.000,1,-1,-1,-1
131,401,290.000,175.000,235.000,755.000,1,-1,-1,-1
131,402,735.000,275.000,300.000,710.000,1,-1,-1,-1
131,403,1355.000,252.000,320.000,795.000,1,-1,-1,-1
131,404,845.000,145.000,325.000,475.000,1,-1,-1,-1
132,401,289.000,175.000,235.000,755.000,1,-1,-1,-1
132,402,736.000,276.000,300.000,710.000,1,-1,-1,-1
132,403,1356.000,252.000,320.000,795.000,1,-1,-1,-1
132,404,846.000,145.000,324.000,475.000,1,-1,-1,-1
133,401,288.000,175.000,235.000,755.000,1,-1,-1,-1
133,402,738.000,276.000,300.000,710.000,1,-1,-1,-1
133,403,1357.000,252.000,320.000,795.000,1,-1,-1,-1
133,404,846.000,145.000,325.000,475.000,1,-1,-1,-1
134,401,287.000,175.000,235.000,755.000,1,-1,-1,-1
134,402,740.000,276.000,300.000,710.000,1,-1,-1,-1
134,403,1358.000,253.000,320.000,795.000,1,-1,-1,-1
134,404,846.000,145.000,326.000,475.000,1,-1,-1,-1
135,401,286.000,175.000,235.000,755.000,1,-1,-1,-1
135,402,741.000,277.000,300.000,710.000,1,-1,-1,-1
135,403,1359.000,253.000,320.000,795.000,1,-1,-1,-1
135,404,847.000,145.000,325.000,475.000,1,-1,-1,-1
136,401,285.000,175.000,235.000,755.000,1,-1,-1,-1
136,402,742.000,278.000,300.000,710.000,1,-1,-1,-1
136,403,1360.000,253.000,320.000,795.000,1,-1,-1,-1
136,404,848.000,145.000,324.000,475.000,1,-1,-1,-1
137,401,284.000,175.000,235.000,755.000,1,-1,-1,-1
137,402,744.000,278.000,300.000,710.000,1,-1,-1,-1
137,403,1361.000,253.000,320.000,795.000,1,-1,-1,-1
137,404,848.000,145.000,325.000,475.000,1,-1,-1,-1
138,401,283.000,175.000,235.000,755.000,1,-1,-1,-1
138,402,746.000,278.000,300.000,710.000,1,-1,-1,-1
138,403,1362.000,253.000,320.000,795.000,1,-1,-1,-1
138,404,848.000,145.000,326.000,475.000,1,-1,-1,-1
139,401,282.000,175.000,235.000,755.000,1,-1,-1,-1
139,402,747.000,279.000,300.000,710.000,1,-1,-1,-1
139,403,1363.000,254.000,320.000,795.000,1,-1,-1,-1
139,404,849.000,145.000,325.000,475.000,1,-1,-1,-1
140,401,281.000,175.000,235.000,755.000,1,-1,-1,-1
140,402,748.000,280.000,300.000,710.000,1,-1,-1,-1
140,403,1364.000,254.000,320.000,795.000,1,-1,-1,-1
140,404,850.000,145.000,324.000,475.000,1,-1,-1,-1
141,401,280.000,175.000,235.000,755.000,1,-1,-1,-1
141,402,750.000,280.000,300.000,710.000,1,-1,-1,-1
141,403,1365.000,254.000,320.000,795.000,1,-1,-1,-1
141,404,850.000,145.000,325.000,475.000,1,-1,-1,-1
142,401,279.000,175.000,235.000,755.000,1,-1,-1,-1
142,402,752.000,280.000,300.000,710.000,1,-1,-1,-1
142,403,1366.000,254.000,320.000,795.000,1,-1,-1,-1
142,404,850.000,145.000,326.000,475.000,1,-1,-1,-1
143,401,278.000,175.000,235.000,755.000,1,-1,-1,-1
143,402,753.000,281.000,300.000,710.000,1,-1,-1,-1
143,403,1367.000,254.000,320.000,795.000,1,-1,-1,-1
143,404,851.000,145.000,325.000,475.000,1,-1,-1,-1
144,401,277.000,175.000,235.000,755.000,1,-1,-1,-1
144,402,754.000,282.000,300.000,710.000,1,-1,-1,-1
144,403,1368.000,255.000,320.000,795.000,1,-1,-1,-1
144,404,852.000,145.000,324.000,475.000,1,-1,-1,-1
145,401,276.000,175.000,235.000,755.000,1,-1,-1,-1
145,402,756.000,282.000,300.000,710.000,1,-1,-1,-1
145,403,1369.000,255.000,320.000,795.000,1,-1,-1,-1
145,404,852.000,145.000,325.000,475.000,1,-1,-1,-1
146,401,275.000,175.000,235.000,755.000,1,-1,-1,-1
146,402,758.000,282.000,300.000,710.000,1,-1,-1,-1
146,403,1370.000,255.000,320.000,795.000,1,-1,-1,-1
146,404,852.000,145.000,326.000,475.000,1,-1,-1,-1
147,401,274.000,175.000,235.000,755.000,1,-1,-1,-1
147,402,759.000,283.000,300.000,710.000,1,-1,-1,-1
147,403,1371.000,255.000,320.000,795.000,1,-1,-1,-1
147,404,853.000,145.000,325.000,475.000,1,-1,-1,-1
148,401,273.000,175.000,235.000,755.000,1,-1,-1,-1
148,402,760.000,284.000,300.000,710.000,1,-1,-1,-1
148,403,1372.000,255.000,320.000,795.000,1,-1,-1,-1
148,404,854.000,145.000,324.000,475.000,1,-1,-1,-1
149,401,272.000,175.000,235.000,755.000,1,-1,-1,-1
149,402,762.000,284.000,300.000,710.000,1,-1,-1,-1
149,403,1373.000,256.000,320.000,795.000,1,-1,-1,-1
149,404,854.000,145.000,325.000,475.000,1,-1,-1,-1
150,401,271.000,175.000,235.000,755.000,1,-1,-1,-1
150,402,764.000,284.000,300.000,710.000,1,-1,-1,-1
150,403,1374.000,256.000,320.000,795.000,1,-1,-1,-1
150,404,854.000,145.000,326.000,475.000,1,-1,-1,-1
151,501,285.000,175.000,235.000,750.000,1,-1,-1,-1
151,502,730.000,260.000,305.000,730.000,1,-1,-1,-1
151,503,1360.000,245.000,320.000,800.000,1,-1,-1,-1
151,504,850.000,145.000,330.000,475.000,1,-1,-1,-1
152,501,284.000,175.000,235.000,750.000,1,-1,-1,-1
152,502,731.000,260.000,305.000,730.000,1,-1,-1,-1
152,503,1361.000,245.000,320.000,800.000,1,-1,-1,-1
152,504,850.000,145.000,330.000,475.000,1,-1,-1,-1
153,501,283.000,175.000,235.000,750.000,1,-1,-1,-1
153,502,732.000,261.000,305.000,730.000,1,-1,-1,-1
153,503,1362.000,245.000,320.000,800.000,1,-1,-1,-1
153,504,851.000,145.000,330.000,475.000,1,-1,-1,-1
154,501,283.000,175.000,235.000,750.000,1,-1,-1,-1
154,502,733.000,261.000,305.000,730.000,1,-1,-1,-1
154,503,1362.000,245.000,320.000,800.000,1,-1,-1,-1
154,504,851.000,145.000,330.000,475.000,1,-1,-1,-1
155,501,282.000,175.000,235.000,750.000,1,-1,-1,-1
155,502,734.000,261.000,305.000,730.000,1,-1,-1,-1
155,503,1363.000,245.000,320.000,800.000,1,-1,-1,-1
155,504,851.000,145.000,330.000,475.000,1,-1,-1,-1
156,501,281.000,175.000,235.000,750.000,1,-1,-1,-1
156,502,735.000,262.000,305.000,730.000,1,-1,-1,-1
156,503,1364.000,245.000,320.000,800.000,1,-1,-1,-1
156,504,852.000,145.000,330.000,475.000,1,-1,-1,-1
157,501,280.000,175.000,235.000,750.000,1,-1,-1,-1
157,502,736.000,262.000,305.000,730.000,1,-1,-1,-1
157,503,1365.000,245.000,320.000,800.000,1,-1,-1,-1
157,504,852.000,145.000,330.000,475.000,1,-1,-1,-1
158,501,279.000,175.000,235.000,750.000,1,-1,-1,-1
158,502,737.000,262.000,305.000,730.000,1,-1,-1,-1
158,503,1366.000,245.000,320.000,800.000,1,-1,-1,-1
158,504,852.000,145.000,330.000,475.000,1,-1,-1,-1
159,501,279.000,175.000,235.000,750.000,1,-1,-1,-1
159,502,738.000,262.000,305.000,730.000,1,-1,-1,-1
159,503,1366.000,245.000,320.000,800.000,1,-1,-1,-1
159,504,852.000,145.000,330.000,475.000,1,-1,-1,-1
160,501,278.000,175.000,235.000,750.000,1,-1,-1,-1
160,502,739.000,263.000,305.000,730.000,1,-1,-1,-1
160,503,1367.000,245.000,320.000,800.000,1,-1,-1,-1
160,504,853.000,145.000,330.000,475.000,1,-1,-1,-1
161,501,277.000,175.000,235.000,750.000,1,-1,-1,-1
161,502,740.000,263.000,305.000,730.000,1,-1,-1,-1
161,503,1368.000,245.000,320.000,800.000,1,-1,-1,-1
161,504,853.000,145.000,330.000,475.000,1,-1,-1,-1
162,501,276.000,175.000,235.000,750.000,1,-1,-1,-1
162,502,741.000,263.000,305.000,730.000,1,-1,-1,-1
162,503,1369.000,245.000,320.000,800.000,1,-1,-1,-1
162,504,853.000,145.000,330.000,475.000,1,-1,-1,-1
163,501,275.000,175.000,235.000,750.000,1,-1,-1,-1
163,502,742.000,264.000,305.000,730.000,1,-1,-1,-1
163,503,1370.000,245.000,320.000,800.000,1,-1,-1,-1
163,504,854.000,145.000,330.000,475.000,1,-1,-1,-1
164,501,275.000,175.000,235.000,750.000,1,-1,-1,-1
164,502,743.000,264.000,305.000,730.000,1,-1,-1,-1
164,503,1370.000,245.000,320.000,800.000,1,-1,-1,-1
164,504,854.000,145.000,330.000,475.000,1,-1,-1,-1
165,501,274.000,175.000,235.000,750.000,1,-1,-1,-1
165,502,744.000,264.000,305.000,730.000,1,-1,-1,-1
165,503,1371.000,245.000,320.000,800.000,1,-1,-1,-1
165,504,854.000,145.000,330.000,475.000,1,-1,-1,-1
166,501,273.000,175.000,235.000,750.000,1,-1,-1,-1
166,502,745.000,264.000,305.000,730.000,1,-1,-1,-1
166,503,1372.000,245.000,320.000,800.000,1,-1,-1,-1
166,504,854.000,145.000,330.000,475.000,1,-1,-1,-1
167,501,272.000,175.000,235.000,750.000,1,-1,-1,-1
167,502,746.000,265.000,305.000,730.000,1,-1,-1,-1
167,503,1373.000,245.000,320.000,800.000,1,-1,-1,-1
167,504,855.000,145.000,330.000,475.000,1,-1,-1,-1
168,501,271.000,175.000,235.000,750.000,1,-1,-1,-1
168,502,747.000,265.000,305.000,730.000,1,-1,-1,-1
168,503,1374.000,245.000,320.000,800.000,1,-1,-1,-1
168,504,855.000,145.000,330.000,475.000,1,-1,-1,-1
169,501,271.000,175.000,235.000,750.000,1,-1,-1,-1
169,502,748.000,265.000,305.000,730.000,1,-1,-1,-1
169,503,1374.000,245.000,320.000,800.000,1,-1,-1,-1
169,504,855.000,145.000,330.000,475.000,1,-1,-1,-1
170,501,270.000,175.000,235.000,750.000,1,-1,-1,-1
170,502,749.000,266.000,305.000,730.000,1,-1,-1,-1
170,503,1375.000,245.000,320.000,800.000,1,-1,-1,-1
170,504,856.000,145.000,330.000,475.000,1,-1,-1,-1
171,501,269.000,175.000,235.000,750.000,1,-1,-1,-1
171,502,750.000,266.000,305.000,730.000,1,-1,-1,-1
171,503,1376.000,245.000,320.000,800.000,1,-1,-1,-1
171,504,856.000,145.000,330.000,475.000,1,-1,-1,-1
172,501,268.000,175.000,235.000,750.000,1,-1,-1,-1
172,502,751.000,266.000,305.000,730.000,1,-1,-1,-1
172,503,1377.000,245.000,320.000,800.000,1,-1,-1,-1
172,504,856.000,145.000,330.000,475.000,1,-1,-1,-1
173,501,267.000,175.000,235.000,750.000,1,-1,-1,-1
173,502,752.000,267.000,305.000,730.000,1,-1,-1,-1
173,503,1378.000,245.000,320.000,800.000,1,-1,-1,-1
173,504,857.000,145.000,330.000,475.000,1,-1,-1,-1
174,501,267.000,175.000,235.000,750.000,1,-1,-1,-1
174,502,753.000,267.000,305.000,730.000,1,-1,-1,-1
174,503,1378.000,245.000,320.000,800.000,1,-1,-1,-1
174,504,857.000,145.000,330.000,475.000,1,-1,-1,-1
175,501,266.000,175.000,235.000,750.000,1,-1,-1,-1
175,502,754.000,267.000,305.000,730.000,1,-1,-1,-1
175,503,1379.000,245.000,320.000,800.000,1,-1,-1,-1
175,504,857.000,145.000,330.000,475.000,1,-1,-1,-1
176,501,265.000,175.000,235.000,750.000,1,-1,-1,-1
176,502,755.000,268.000,305.000,730.000,1,-1,-1,-1
176,503,1380.000,245.000,320.000,800.000,1,-1,-1,-1
176,504,858.000,145.000,330.000,475.000,1,-1,-1,-1
177,501,264.000,175.000,235.000,750.000,1,-1,-1,-1
177,502,756.000,268.000,305.000,730.000,1,-1,-1,-1
177,503,1381.000,245.000,320.000,800.000,1,-1,-1,-1
177,504,858.000,145.000,330.000,475.000,1,-1,-1,-1
178,501,263.000,175.000,235.000,750.000,1,-1,-1,-1
178,502,757.000,268.000,305.000,730.000,1,-1,-1,-1
178,503,1382.000,245.000,320.000,800.000,1,-1,-1,-1
178,504,858.000,145.000,330.000,475.000,1,-1,-1,-1
179,501,263.000,175.000,235.000,750.000,1,-1,-1,-1
179,502,758.000,268.000,305.000,730.000,1,-1,-1,-1
179,503,1382.000,245.000,320.000,800.000,1,-1,-1,-1
179,504,858.000,145.000,330.000,475.000,1,-1,-1,-1
180,501,262.000,175.000,235.000,750.000,1,-1,-1,-1
180,502,759.000,269.000,305.000,730.000,1,-1,-1,-1
180,503,1383.000,245.000,320.000,800.000,1,-1,-1,-1
180,504,859.000,145.000,330.000,475.000,1,-1,-1,-1
181,601,285.000,175.000,235.000,750.000,1,-1,-1,-1
181,602,735.000,255.000,310.000,740.000,1,-1,-1,-1
181,603,1365.000,240.000,325.000,800.000,1,-1,-1,-1
181,604,860.000,145.000,330.000,475.000,1,-1,-1,-1
182,601,284.000,175.000,236.000,750.000,1,-1,-1,-1
182,602,736.000,255.000,310.000,740.000,1,-1,-1,-1
182,603,1366.000,240.000,324.000,800.000,1,-1,-1,-1
182,604,860.000,145.000,330.000,475.000,1,-1,-1,-1
183,601,284.000,175.000,235.000,750.000,1,-1,-1,-1
183,602,737.000,255.000,310.000,740.000,1,-1,-1,-1
183,603,1366.000,240.000,325.000,800.000,1,-1,-1,-1
183,604,860.000,145.000,330.000,475.000,1,-1,-1,-1
184,601,284.000,175.000,234.000,750.000,1,-1,-1,-1
184,602,737.000,256.000,310.000,740.000,1,-1,-1,-1
184,603,1366.000,240.000,326.000,800.000,1,-1,-1,-1
184,604,861.000,145.000,330.000,475.000,1,-1,-1,-1
185,601,283.000,175.000,235.000,750.000,1,-1,-1,-1
185,602,738.000,256.000,310.000,740.000,1,-1,-1,-1
185,603,1367.000,240.000,325.000,800.000,1,-1,-1,-1
185,604,861.000,145.000,330.000,475.000,1,-1,-1,-1
186,601,282.000,175.000,236.000,750.000,1,-1,-1,-1
186,602,739.000,256.000,310.000,740.000,1,-1,-1,-1
186,603,1368.000,240.000,324.000,800.000,1,-1,-1,-1
186,604,861.000,145.000,330.000,475.000,1,-1,-1,-1
187,601,282.000,175.000,235.000,750.000,1,-1,-1,-1
187,602,740.000,256.000,310.000,740.000,1,-1,-1,-1
187,603,1368.000,240.000,325.000,800.000,1,-1,-1,-1
187,604,861.000,145.000,330.000,475.000,1,-1,-1,-1
188,601,282.000,175.000,234.000,750.000,1,-1,-1,-1
188,602,741.000,256.000,310.000,740.000,1,-1,-1,-1
188,603,1368.000,240.000,326.000,800.000,1,-1,-1,-1
188,604,861.000,145.000,330.000,475.000,1,-1,-1,-1
189,601,281.000,175.000,235.000,750.000,1,-1,-1,-1
189,602,741.000,257.000,310.000,740.000,1,-1,-1,-1
189,603,1369.000,240.000,325.000,800.000,1,-1,-1,-1
189,604,862.000,145.000,330.000,475.000,1,-1,-1,-1
190,601,280.000,175.000,236.000,750.000,1,-1,-1,-1
190,602,742.000,257.000,310.000,740.000,1,-1,-1,-1
190,603,1370.000,240.000,324.000,800.000,1,-1,-1,-1
190,604,862.000,145.000,330.000,475.000,1,-1,-1,-1
191,601,280.000,175.000,235.000,750.000,1,-1,-1,-1
191,602,743.000,257.000,310.000,740.000,1,-1,-1,-1
191,603,1370.000,240.000,325.000,800.000,1,-1,-1,-1
191,604,862.000,145.000,330.000,475.000,1,-1,-1,-1
192,601,280.000,175.000,234.000,750.000,1,-1,-1,-1
192,602,744.000,257.000,310.000,740.000,1,-1,-1,-1
192,603,1370.000,240.000,326.000,800.000,1,-1,-1,-1
192,604,862.000,145.000,330.000,475.000,1,-1,-1,-1
193,601,279.000,175.000,235.000,750.000,1,-1,-1,-1
193,602,745.000,257.000,310.000,740.000,1,-1,-1,-1
193,603,1371.000,240.000,325.000,800.000,1,-1,-1,-1
193,604,862.000,145.000,330.000,475.000,1,-1,-1,-1
194,601,278.000,175.000,236.000,750.000,1,-1,-1,-1
194,602,745.000,258.000,310.000,740.000,1,-1,-1,-1
194,603,1372.000,240.000,324.000,800.000,1,-1,-1,-1
194,604,863.000,145.000,330.000,475.000,1,-1,-1,-1
195,601,278.000,175.000,235.000,750.000,1,-1,-1,-1
195,602,746.000,258.000,310.000,740.000,1,-1,-1,-1
195,603,1372.000,240.000,325.000,800.000,1,-1,-1,-1
195,604,863.000,145.000,330.000,475.000,1,-1,-1,-1
196,601,278.000,175.000,234.000,750.000,1,-1,-1,-1
196,602,747.000,258.000,310.000,740.000,1,-1,-1,-1
196,603,1372.000,240.000,326.000,800.000,1,-1,-1,-1
196,604,863.000,145.000,330.000,475.000,1,-1,-1,-1
197,601,277.000,175.000,235.000,750.000,1,-1,-1,-1
197,602,748.000,258.000,310.000,740.000,1,-1,-1,-1
197,603,1373.000,240.000,325.000,800.000,1,-1,-1,-1
197,604,863.000,145.000,330.000,475.000,1,-1,-1,-1
198,601,276.000,175.000,236.000,750.000,1,-1,-1,-1
198,602,749.000,258.000,310.000,740.000,1,-1,-1,-1
198,603,1374.000,240.000,324.000,800.000,1,-1,-1,-1
198,604,863.000,145.000,330.000,475.000,1,-1,-1,-1
199,601,276.000,175.000,235.000,750.000,1,-1,-1,-1
199,602,749.000,259.000,310.000,740.000,1,-1,-1,-1
199,603,1374.000,240.000,325.000,800.000,1,-1,-1,-1
199,604,864.000,145.000,330.000,475.000,1,-1,-1,-1
200,601,276.000,175.000,234.000,750.000,1,-1,-1,-1
200,602,750.000,259.000,310.000,740.000,1,-1,-1,-1
200,603,1374.000,240.000,326.000,800.000,1,-1,-1,-1
200,604,864.000,145.000,330.000,475.000,1,-1,-1,-1
201,601,275.000,175.000,235.000,750.000,1,-1,-1,-1
201,602,751.000,259.000,310.000,740.000,1,-1,-1,-1
201,603,1375.000,240.000,325.000,800.000,1,-1,-1,-1
201,604,864.000,145.000,330.000,475.000,1,-1,-1,-1
202,601,274.000,175.000,236.000,750.000,1,-1,-1,-1
202,602,752.000,259.000,310.000,740.000,1,-1,-1,-1
202,603,1376.000,240.000,324.000,800.000,1,-1,-1,-1
202,604,864.000,145.000,330.000,475.000,1,-1,-1,-1
203,601,274.000,175.000,235.000,750.000,1,-1,-1,-1
203,602,753.000,259.000,310.000,740.000,1,-1,-1,-1
203,603,1376.000,240.000,325.000,800.000,1,-1,-1,-1
203,604,864.000,145.000,330.000,475.000,1,-1,-1,-1
204,601,274.000,175.000,234.000,750.000,1,-1,-1,-1
204,602,753.000,260.000,310.000,740.000,1,-1,-1,-1
204,603,1376.000,240.000,326.000,800.000,1,-1,-1,-1
204,604,865.000,145.000,330.000,475.000,1,-1,-1,-1
205,601,273.000,175.000,235.000,750.000,1,-1,-1,-1
205,602,754.000,260.000,310.000,740.000,1,-1,-1,-1
205,603,1377.000,240.000,325.000,800.000,1,-1,-1,-1
205,604,865.000,145.000,330.000,475.000,1,-1,-1,-1
206,601,272.000,175.000,236.000,750.000,1,-1,-1,-1
206,602,755.000,260.000,310.000,740.000,1,-1,-1,-1
206,603,1378.000,240.000,324.000,800.000,1,-1,-1,-1
206,604,865.000,145.000,330.000,475.000,1,-1,-1,-1
207,601,272.000,175.000,235.000,750.000,1,-1,-1,-1
207,602,756.000,260.000,310.000,740.000,1,-1,-1,-1
207,603,1378.000,240.000,325.000,800.000,1,-1,-1,-1
207,604,865.000,145.000,330.000,475.000,1,-1,-1,-1
208,601,272.000,175.000,234.000,750.000,1,-1,-1,-1
208,602,757.000,260.000,310.000,740.000,1,-1,-1,-1
208,603,1378.000,240.000,326.000,800.000,1,-1,-1,-1
208,604,865.000,145.000,330.000,475.000,1,-1,-1,-1
209,601,271.000,175.000,235.000,750.000,1,-1,-1,-1
209,602,757.000,261.000,310.000,740.000,1,-1,-1,-1
209,603,1379.000,240.000,325.000,800.000,1,-1,-1,-1
209,604,866.000,145.000,330.000,475.000,1,-1,-1,-1
210,601,270.000,175.000,236.000,750.000,1,-1,-1,-1
210,602,758.000,261.000,310.000,740.000,1,-1,-1,-1
210,603,1380.000,240.000,324.000,800.000,1,-1,-1,-1
210,604,866.000,145.000,330.000,475.000,1,-1,-1,-1
211,701,295.000,185.000,250.000,795.000,1,-1,-1,-1
211,702,1510.000,330.000,330.000,805.000,1,-1,-1,-1
212,701,293.000,188.000,250.000,795.000,1,-1,-1,-1
212,702,1511.000,330.000,330.000,806.000,1,-1,-1,-1
213,701,291.000,191.000,250.000,795.000,1,-1,-1,-1
213,702,1512.000,331.000,330.000,805.000,1,-1,-1,-1
214,701,289.000,194.000,250.000,795.000,1,-1,-1,-1
214,702,1513.000,332.000,330.000,804.000,1,-1,-1,-1
215,701,287.000,197.000,250.000,795.000,1,-1,-1,-1
215,702,1514.000,332.000,330.000,805.000,1,-1,-1,-1
216,701,285.000,200.000,250.000,795.000,1,-1,-1,-1
216,702,1515.000,332.000,330.000,806.000,1,-1,-1,-1
217,701,283.000,203.000,250.000,795.000,1,-1,-1,-1
217,702,1516.000,333.000,330.000,805.000,1,-1,-1,-1
218,701,281.000,206.000,250.000,795.000,1,-1,-1,-1
218,702,1517.000,334.000,330.000,804.000,1,-1,-1,-1
219,701,279.000,209.000,250.000,795.000,1,-1,-1,-1
219,702,1518.000,334.000,330.000,805.000,1,-1,-1,-1
220,701,277.000,212.000,250.000,795.000,1,-1,-1,-1
220,702,1519.000,334.000,330.000,806.000,1,-1,-1,-1
221,701,275.000,215.000,250.000,795.000,1,-1,-1,-1
221,702,1520.000,335.000,330.000,805.000,1,-1,-1,-1
222,701,273.000,218.000,250.000,795.000,1,-1,-1,-1
222,702,1521.000,336.000,330.000,804.000,1,-1,-1,-1
223,701,271.000,221.000,250.000,795.000,1,-1,-1,-1
223,702,1522.000,336.000,330.000,805.000,1,-1,-1,-1
224,701,269.000,224.000,250.000,795.000,1,-1,-1,-1
224,702,1523.000,336.000,330.000,806.000,1,-1,-1,-1
225,701,267.000,227.000,250.000,795.000,1,-1,-1,-1
225,702,1524.000,337.000,330.000,805.000,1,-1,-1,-1
226,701,265.000,230.000,250.000,795.000,1,-1,-1,-1
226,702,1525.000,338.000,330.000,804.000,1,-1,-1,-1
227,701,263.000,233.000,250.000,795.000,1,-1,-1,-1
227,702,1526.000,338.000,330.000,805.000,1,-1,-1,-1
228,701,261.000,236.000,250.000,795.000,1,-1,-1,-1
228,702,1527.000,338.000,330.000,806.000,1,-1,-1,-1
229,701,259.000,239.000,250.000,795.000,1,-1,-1,-1
229,702,1528.000,339.000,330.000,805.000,1,-1,-1,-1
230,701,257.000,242.000,250.000,795.000,1,-1,-1,-1
230,702,1529.000,340.000,330.000,804.000,1,-1,-1,-1
231,701,255.000,245.000,250.000,795.000,1,-1,-1,-1
231,702,1530.000,340.000,330.000,805.000,1,-1,-1,-1
232,701,253.000,248.000,250.000,795.000,1,-1,-1,-1
232,702,1531.000,340.000,330.000,806.000,1,-1,-1,-1
233,701,251.000,251.000,250.000,795.000,1,-1,-1,-1
233,702,1532.000,341.000,330.000,805.000,1,-1,-1,-1
234,701,249.000,254.000,250.000,795.000,1,-1,-1,-1
234,702,1533.000,342.000,330.000,804.000,1,-1,-1,-1
235,701,247.000,257.000,250.000,795.000,1,-1,-1,-1
235,702,1534.000,342.000,330.000,805.000,1,-1,-1,-1
236,701,245.000,260.000,250.000,795.000,1,-1,-1,-1
236,702,1535.000,342.000,330.000,806.000,1,-1,-1,-1
237,701,243.000,263.000,250.000,795.000,1,-1,-1,-1
237,702,1536.000,343.000,330.000,805.000,1,-1,-1,-1
238,701,241.000,266.000,250.000,795.000,1,-1,-1,-1
238,702,1537.000,344.000,330.000,804.000,1,-1,-1,-1
239,701,239.000,269.000,250.000,795.000,1,-1,-1,-1
239,702,1538.000,344.000,330.000,805.000,1,-1,-1,-1
240,701,237.000,272.000,250.000,795.000,1,-1,-1,-1
240,702,1539.000,344.000,330.000,806.000,1,-1,-1,-1
241,801,280.000,185.000,255.000,790.000,1,-1,-1,-1
241,802,700.000,180.000,305.000,720.000,1,-1,-1,-1
241,803,1430.000,245.000,280.000,800.000,1,-1,-1,-1
241,804,1690.000,245.000,335.000,865.000,1,-1,-1,-1
242,801,279.000,186.000,255.000,790.000,1,-1,-1,-1
242,802,700.000,180.000,306.000,720.000,1,-1,-1,-1
242,803,1431.000,246.000,280.000,800.000,1,-1,-1,-1
242,804,1692.000,246.000,335.000,864.000,1,-1,-1,-1
243,801,278.000,187.000,255.000,790.000,1,-1,-1,-1
243,802,701.000,180.000,305.000,720.000,1,-1,-1,-1
243,803,1432.000,246.000,280.000,800.000,1,-1,-1,-1
243,804,1694.000,246.000,335.000,865.000,1,-1,-1,-1
244,801,277.000,188.000,255.000,790.000,1,-1,-1,-1
244,802,702.000,181.000,304.000,720.000,1,-1,-1,-1
244,803,1433.000,246.000,280.000,800.000,1,-1,-1,-1
244,804,1696.000,246.000,335.000,866.000,1,-1,-1,-1
245,801,276.000,189.000,255.000,790.000,1,-1,-1,-1
245,802,702.000,181.000,305.000,720.000,1,-1,-1,-1
245,803,1434.000,247.000,280.000,800.000,1,-1,-1,-1
245,804,1698.000,247.000,335.000,865.000,1,-1,-1,-1
246,801,275.000,190.000,255.000,790.000,1,-1,-1,-1
246,802,702.000,181.000,306.000,720.000,1,-1,-1,-1
246,803,1435.000,248.000,280.000,800.000,1,-1,-1,-1
246,804,1700.000,248.000,335.000,864.000,1,-1,-1,-1
247,801,274.000,191.000,255.000,790.000,1,-1,-1,-1
247,802,703.000,181.000,305.000,720.000,1,-1,-1,-1
247,803,1436.000,248.000,280.000,800.000,1,-1,-1,-1
247,804,1702.000,248.000,335.000,865.000,1,-1,-1,-1
248,801,273.000,192.000,255.000,790.000,1,-1,-1,-1
248,802,704.000,181.000,304.000,720.000,1,-1,-1,-1
248,803,1437.000,248.000,280.000,800.000,1,-1,-1,-1
248,804,1704.000,248.000,335.000,866.000,1,-1,-1,-1
249,801,272.000,193.000,255.000,790.000,1,-1,-1,-1
249,802,704.000,182.000,305.000,720.000,1,-1,-1,-1
249,803,1438.000,249.000,280.000,800.000,1,-1,-1,-1
249,804,1706.000,249.000,335.000,865.000,1,-1,-1,-1
250,801,271.000,194.000,255.000,790.000,1,-1,-1,-1
250,802,704.000,182.000,306.000,720.000,1,-1,-1,-1
250,803,1439.000,250.000,280.000,800.000,1,-1,-1,-1
250,804,1708.000,250.000,335.000,864.000,1,-1,-1,-1
251,801,270.000,195.000,255.000,790.000,1,-1,-1,-1
251,802,705.000,182.000,305.000,720.000,1,-1,-1,-1
251,803,1440.000,250.000,280.000,800.000,1,-1,-1,-1
251,804,1710.000,250.000,335.000,865.000,1,-1,-1,-1
252,801,269.000,196.000,255.000,790.000,1,-1,-1,-1
252,802,706.000,182.000,304.000,720.000,1,-1,-1,-1
252,803,1441.000,250.000,280.000,800.000,1,-1,-1,-1
252,804,1712.000,250.000,335.000,866.000,1,-1,-1,-1
253,801,268.000,197.000,255.000,790.000,1,-1,-1,-1
253,802,706.000,182.000,305.000,720.000,1,-1,-1,-1
253,803,1442.000,251.000,280.000,800.000,1,-1,-1,-1
253,804,1714.000,251.000,335.000,865.000,1,-1,-1,-1
254,801,267.000,198.000,255.000,790.000,1,-1,-1,-1
254,802,706.000,183.000,306.000,720.000,1,-1,-1,-1
254,803,1443.000,252.000,280.000,800.000,1,-1,-1,-1
254,804,1716.000,252.000,335.000,864.000,1,-1,-1,-1
255,801,266.000,199.000,255.000,790.000,1,-1,-1,-1
255,802,707.000,183.000,305.000,720.000,1,-1,-1,-1
255,803,1444.000,252.000,280.000,800.000,1,-1,-1,-1
255,804,1718.000,252.000,335.000,865.000,1,-1,-1,-1
256,801,265.000,200.000,255.000,790.000,1,-1,-1,-1
256,802,708.000,183.000,304.000,720.000,1,-1,-1,-1
256,803,1445.000,252.000,280.000,800.000,1,-1,-1,-1
256,804,1720.000,252.000,335.000,866.000,1,-1,-1,-1
257,801,264.000,201.000,255.000,790.000,1,-1,-1,-1
257,802,708.000,183.000,305.000,720.000,1,-1,-1,-1
257,803,1446.000,253.000,280.000,800.000,1,-1,-1,-1
257,804,1722.000,253.000,335.000,865.000,1,-1,-1,-1
258,801,263.000,202.000,255.000,790.000,1,-1,-1,-1
258,802,708.000,183.000,306.000,720.000,1,-1,-1,-1
258,803,1447.000,254.000,280.000,800.000,1,-1,-1,-1
258,804,1724.000,254.000,335.000,864.000,1,-1,-1,-1
259,801,262.000,203.000,255.000,790.000,1,-1,-1,-1
259,802,709.000,184.000,305.000,720.000,1,-1,-1,-1
259,803,1448.000,254.000,280.000,800.000,1,-1,-1,-1
259,804,1726.000,254.000,335.000,865.000,1,-1,-1,-1
260,801,261.000,204.000,255.000,790.000,1,-1,-1,-1
260,802,710.000,184.000,304.000,720.000,1,-1,-1,-1
260,803,1449.000,254.000,280.000,800.000,1,-1,-1,-1
260,804,1728.000,254.000,335.000,866.000,1,-1,-1,-1
261,801,260.000,205.000,255.000,790.000,1,-1,-1,-1
261,802,710.000,184.000,305.000,720.000,1,-1,-1,-1
261,803,1450.000,255.000,280.000,800.000,1,-1,-1,-1
261,804,1730.000,255.000,335.000,865.000,1,-1,-1,-1
262,801,259.000,206.000,255.000,790.000,1,-1,-1,-1
262,802,710.000,184.000,306.000,720.000,1,-1,-1,-1
262,803,1451.000,256.000,280.000,800.000,1,-1,-1,-1
262,804,1732.000,256.000,335.000,864.000,1,-1,-1,-1
263,801,258.000,207.000,255.000,790.000,1,-1,-1,-1
263,802,711.000,184.000,305.000,720.000,1,-1,-1,-1
263,803,1452.000,256.000,280.000,800.000,1,-1,-1,-1
263,804,1734.000,256.000,335.000,865.000,1,-1,-1,-1
264,801,257.000,208.000,255.000,790.000,1,-1,-1,-1
264,802,712.000,185.000,304.000,720.000,1,-1,-1,-1
264,803,1453.000,256.000,280.000,800.000,1,-1,-1,-1
264,804,1736.000,256.000,335.000,866.000,1,-1,-1,-1
265,801,256.000,209.000,255.000,790.000,1,-1,-1,-1
265,802,712.000,185.000,305.000,720.000,1,-1,-1,-1
265,803,1454.000,257.000,280.000,800.000,1,-1,-1,-1
265,804,1738.000,257.000,335.000,865.000,1,-1,-1,-1
266,801,255.000,210.000,255.000,790.000,1,-1,-1,-1
266,802,712.000,185.000,306.000,720.000,1,-1,-1,-1
266,803,1455.000,258.000,280.000,800.000,1,-1,-1,-1
266,804,1740.000,258.000,335.000,864.000,1,-1,-1,-1
267,801,254.000,211.000,255.000,790.000,1,-1,-1,-1
267,802,713.000,185.000,305.000,720.000,1,-1,-1,-1
267,803,1456.000,258.000,280.000,800.000,1,-1,-1,-1
267,804,1742.000,258.000,335.000,865.000,1,-1,-1,-1
268,801,253.000,212.000,255.000,790.000,1,-1,-1,-1
268,802,714.000,185.000,304.000,720.000,1,-1,-1,-1
268,803,1457.000,258.000,280.000,800.000,1,-1,-1,-1
268,804,1744.000,258.000,335.000,866.000,1,-1,-1,-1
269,801,252.000,213.000,255.000,790.000,1,-1,-1,-1
269,802,714.000,186.000,305.000,720.000,1,-1,-1,-1
269,803,1458.000,259.000,280.000,800.000,1,-1,-1,-1
269,804,1746.000,259.000,335.000,865.000,1,-1,-1,-1
270,801,251.000,214.000,255.000,790.000,1,-1,-1,-1
270,802,714.000,186.000,306.000,720.000,1,-1,-1,-1
270,803,1459.000,260.000,280.000,800.000,1,-1,-1,-1
270,804,1748.000,260.000,335.000,864.000,1,-1,-1,-1
271,901,300.000,170.000,255.000,800.000,1,-1,-1,-1
271,902,720.000,170.000,320.000,755.000,1,-1,-1,-1
271,903,1390.000,240.000,315.000,805.000,1,-1,-1,-1
271,904,1705.000,370.000,345.000,810.000,1,-1,-1,-1
272,901,300.000,170.000,254.000,800.000,1,-1,-1,-1
272,902,721.000,170.000,320.000,756.000,1,-1,-1,-1
272,903,1391.000,240.000,315.000,806.000,1,-1,-1,-1
272,904,1707.000,371.000,345.000,810.000,1,-1,-1,-1
273,901,299.000,171.000,255.000,800.000,1,-1,-1,-1
273,902,722.000,171.000,320.000,755.000,1,-1,-1,-1
273,903,1392.000,241.000,315.000,805.000,1,-1,-1,-1
273,904,1709.000,372.000,345.000,810.000,1,-1,-1,-1
274,901,298.000,172.000,256.000,800.000,1,-1,-1,-1
274,902,723.000,172.000,320.000,754.000,1,-1,-1,-1
274,903,1393.000,242.000,315.000,804.000,1,-1,-1,-1
274,904,1711.000,373.000,345.000,810.000,1,-1,-1,-1
275,901,298.000,172.000,255.000,800.000,1,-1,-1,-1
275,902,724.000,172.000,320.000,755.000,1,-1,-1,-1
275,903,1394.000,242.000,315.000,805.000,1,-1,-1,-1
275,904,1713.000,374.000,345.000,810.000,1,-1,-1,-1
276,901,298.000,172.000,254.000,800.000,1,-1,-1,-1
276,902,725.000,172.000,320.000,756.000,1,-1,-1,-1
276,903,1395.000,242.000,315.000,806.000,1,-1,-1,-1
276,904,1715.000,375.000,345.000,810.000,1,-1,-1,-1
277,901,297.000,173.000,255.000,800.000,1,-1,-1,-1
277,902,726.000,173.000,320.000,755.000,1,-1,-1,-1
277,903,1396.000,243.000,315.000,805.000,1,-1,-1,-1
277,904,1717.000,376.000,345.000,810.000,1,-1,-1,-1
278,901,296.000,174.000,256.000,800.000,1,-1,-1,-1
278,902,727.000,174.000,320.000,754.000,1,-1,-1,-1
278,903,1397.000,244.000,315.000,804.000,1,-1,-1,-1
278,904,1719.000,377.000,345.000,810.000,1,-1,-1,-1
279,901,296.000,174.000,255.000,800.000,1,-1,-1,-1
279,902,728.000,174.000,320.000,755.000,1,-1,-1,-1
279,903,1398.000,244.000,315.000,805.000,1,-1,-1,-1
279,904,1721.000,378.000,345.000,810.000,1,-1,-1,-1
280,901,296.000,174.000,254.000,800.000,1,-1,-1,-1
280,902,729.000,174.000,320.000,756.000,1,-1,-1,-1
280,903,1399.000,244.000,315.000,806.000,1,-1,-1,-1
280,904,1723.000,379.000,345.000,810.000,1,-1,-1,-1
281,901,295.000,175.000,255.000,800.000,1,-1,-1,-1
281,902,730.000,175.000,320.000,755.000,1,-1,-1,-1
281,903,1400.000,245.000,315.000,805.000,1,-1,-1,-1
281,904,1725.000,380.000,345.000,810.000,1,-1,-1,-1
282,901,294.000,176.000,256.000,800.000,1,-1,-1,-1
282,902,731.000,176.000,320.000,754.000,1,-1,-1,-1
282,903,1401.000,246.000,315.000,804.000,1,-1,-1,-1
282,904,1727.000,381.000,345.000,810.000,1,-1,-1,-1
283,901,294.000,176.000,255.000,800.000,1,-1,-1,-1
283,902,732.000,176.000,320.000,755.000,1,-1,-1,-1
283,903,1402.000,246.000,315.000,805.000,1,-1,-1,-1
283,904,1729.000,382.000,345.000,810.000,1,-1,-1,-1
284,901,294.000,176.000,254.000,800.000,1,-1,-1,-1
284,902,733.000,176.000,320.000,756.000,1,-1,-1,-1
284,903,1403.000,246.000,315.000,806.000,1,-1,-1,-1
284,904,1731.000,383.000,345.000,810.000,1,-1,-1,-1
285,901,293.000,177.000,255.000,800.000,1,-1,-1,-1
285,902,734.000,177.000,320.000,755.000,1,-1,-1,-1
285,903,1404.000,247.000,315.000,805.000,1,-1,-1,-1
285,904,1733.000,384.000,345.000,810.000,1,-1,-1,-1
286,901,292.000,178.000,256.000,800.000,1,-1,-1,-1
286,902,735.000,178.000,320.000,754.000,1,-1,-1,-1
286,903,1405.000,248.000,315.000,804.000,1,-1,-1,-1
286,904,1735.000,385.000,345.000,810.000,1,-1,-1,-1
287,901,292.000,178.000,255.000,800.000,1,-1,-1,-1
287,902,736.000,178.000,320.000,755.000,1,-1,-1,-1
287,903,1406.000,248.000,315.000,805.000,1,-1,-1,-1
287,904,1737.000,386.000,345.000,810.000,1,-1,-1,-1
288,901,292.000,178.000,254.000,800.000,1,-1,-1,-1
288,902,737.000,178.000,320.000,756.000,1,-1,-1,-1
288,903,1407.000,248.000,315.000,806.000,1,-1,-1,-1
288,904,1739.000,387.000,345.000,810.000,1,-1,-1,-1
289,901,291.000,179.000,255.000,800.000,1,-1,-1,-1
289,902,738.000,179.000,320.000,755.000,1,-1,-1,-1
289,903,1408.000,249.000,315.000,805.000,1,-1,-1,-1
289,904,1741.000,388.000,345.000,810.000,1,-1,-1,-1
290,901,290.000,180.000,256.000,800.000,1,-1,-1,-1
290,902,739.000,180.000,320.000,754.000,1,-1,-1,-1
290,903,1409.000,250.000,315.000,804.000,1,-1,-1,-1
290,904,1743.000,389.000,345.000,810.000,1,-1,-1,-1
291,901,290.000,180.000,255.000,800.000,1,-1,-1,-1
291,902,740.000,180.000,320.000,755.000,1,-1,-1,-1
291,903,1410.000,250.000,315.000,805.000,1,-1,-1,-1
291,904,1745.000,390.000,345.000,810.000,1,-1,-1,-1
292,901,290.000,180.000,254.000,800.000,1,-1,-1,-1
292,902,741.000,180.000,320.000,756.000,1,-1,-1,-1
292,903,1411.000,250.000,315.000,806.000,1,-1,-1,-1
292,904,1747.000,391.000,345.000,810.000,1,-1,-1,-1
293,901,289.000,181.000,255.000,800.000,1,-1,-1,-1
293,902,742.000,181.000,320.000,755.000,1,-1,-1,-1
293,903,1412.000,251.000,315.000,805.000,1,-1,-1,-1
293,904,1749.000,392.000,345.000,810.000,1,-1,-1,-1
294,901,288.000,182.000,256.000,800.000,1,-1,-1,-1
294,902,743.000,182.000,320.000,754.000,1,-1,-1,-1
294,903,1413.000,252.000,315.000,804.000,1,-1,-1,-1
294,904,1751.000,393.000,345.000,810.000,1,-1,-1,-1
295,901,288.000,182.000,255.000,800.000,1,-1,-1,-1
295,902,744.000,182.000,320.000,755.000,1,-1,-1,-1
295,903,1414.000,252.000,315.000,805.000,1,-1,-1,-1
295,904,1753.000,394.000,345.000,810.000,1,-1,-1,-1
296,901,288.000,182.000,254.000,800.000,1,-1,-1,-1
296,902,745.000,182.000,320.000,756.000,1,-1,-1,-1
296,903,1415.000,252.000,315.000,806.000,1,-1,-1,-1
296,904,1755.000,395.000,345.000,810.000,1,-1,-1,-1
297,901,287.000,183.000,255.000,800.000,1,-1,-1,-1
297,902,746.000,183.000,320.000,755.000,1,-1,-1,-1
297,903,1416.000,253.000,315.000,805.000,1,-1,-1,-1
297,904,1757.000,396.000,345.000,810.000,1,-1,-1,-1
298,901,286.000,184.000,256.000,800.000,1,-1,-1,-1
298,902,747.000,184.000,320.000,754.000,1,-1,-1,-1
298,903,1417.000,254.000,315.000,804.000,1,-1,-1,-1
298,904,1759.000,397.000,345.000,810.000,1,-1,-1,-1
299,901,286.000,184.000,255.000,800.000,1,-1,-1,-1
299,902,748.000,184.000,320.000,755.000,1,-1,-1,-1
299,903,1418.000,254.000,315.000,805.000,1,-1,-1,-1
299,904,1761.000,398.000,345.000,810.000,1,-1,-1,-1
300,901,286.000,184.000,254.000,800.000,1,-1,-1,-1
300,902,749.000,184.000,320.000,756.000,1,-1,-1,-1
300,903,1419.000,254.000,315.000,806.000,1,-1,-1,-1
300,904,1763.000,399.000,345.000,810.000,1,-1,-1,-1
61,201,310.000,175.000,225.000,725.000,1,-1,-1,-1
61,202,1195.000,245.000,270.000,720.000,1,-1,-1,-1
61,203,820.000,145.000,325.000,475.000,1,-1,-1,-1
62,201,309.000,175.000,225.000,725.000,1,-1,-1,-1
62,202,1197.000,245.000,270.000,720.000,1,-1,-1,-1
62,203,820.000,145.000,326.000,475.000,1,-1,-1,-1
63,201,308.000,175.000,225.000,725.000,1,-1,-1,-1
63,202,1199.000,245.000,270.000,720.000,1,-1,-1,-1
63,203,821.000,145.000,325.000,475.000,1,-1,-1,-1
64,201,307.000,175.000,225.000,725.000,1,-1,-1,-1
64,202,1201.000,245.000,270.000,720.000,1,-1,-1,-1
64,203,822.000,145.000,324.000,475.000,1,-1,-1,-1
65,201,306.000,175.000,225.000,725.000,1,-1,-1,-1
65,202,1203.000,245.000,270.000,720.000,1,-1,-1,-1
65,203,822.000,145.000,325.000,475.000,1,-1,-1,-1
66,201,305.000,175.000,225.000,725.000,1,-1,-1,-1
66,202,1205.000,245.000,270.000,720.000,1,-1,-1,-1
66,203,822.000,145.000,326.000,475.000,1,-1,-1,-1
67,201,304.000,175.000,225.000,725.000,1,-1,-1,-1
67,202,1207.000,245.000,270.000,720.000,1,-1,-1,-1
67,203,823.000,145.000,325.000,475.000,1,-1,-1,-1
68,201,303.000,175.000,225.000,725.000,1,-1,-1,-1
68,202,1209.000,245.000,270.000,720.000,1,-1,-1,-1
68,203,824.000,145.000,324.000,475.000,1,-1,-1,-1
69,201,302.000,175.000,225.000,725.000,1,-1,-1,-1
69,202,1211.000,245.000,270.000,720.000,1,-1,-1,-1
69,203,824.000,145.000,325.000,475.000,1,-1,-1,-1
70,201,301.000,175.000,225.000,725.000,1,-1,-1,-1
70,202,1213.000,245.000,270.000,720.000,1,-1,-1,-1
70,203,824.000,145.000,326.000,475.000,1,-1,-1,-1
71,201,300.000,175.000,225.000,725.000,1,-1,-1,-1
71,202,1215.000,245.000,270.000,720.000,1,-1,-1,-1
71,203,825.000,145.000,325.000,475.000,1,-1,-1,-1
72,201,299.000,175.000,225.000,725.000,1,-1,-1,-1
72,202,1217.000,245.000,270.000,720.000,1,-1,-1,-1
72,203,826.000,145.000,324.000,475.000,1,-1,-1,-1
73,201,298.000,175.000,225.000,725.000,1,-1,-1,-1
73,202,1219.000,245.000,270.000,720.000,1,-1,-1,-1
73,203,826.000,145.000,325.000,475.000,1,-1,-1,-1
74,201,297.000,175.000,225.000,725.000,1,-1,-1,-1
74,202,1221.000,245.000,270.000,720.000,1,-1,-1,-1
74,203,826.000,145.000,326.000,475.000,1,-1,-1,-1
75,201,296.000,175.000,225.000,725.000,1,-1,-1,-1
75,202,1223.000,245.000,270.000,720.000,1,-1,-1,-1
75,203,827.000,145.000,325.000,475.000,1,-1,-1,-1
76,201,295.000,175.000,225.000,725.000,1,-1,-1,-1
76,202,1225.000,245.000,270.000,720.000,1,-1,-1,-1
76,203,828.000,145.000,324.000,475.000,1,-1,-1,-1
77,201,294.000,175.000,225.000,725.000,1,-1,-1,-1
77,202,1227.000,245.000,270.000,720.000,1,-1,-1,-1
77,203,828.000,145.000,325.000,475.000,1,-1,-1,-1
78,201,293.000,175.000,225.000,725.000,1,-1,-1,-1
78,202,1229.000,245.000,270.000,720.000,1,-1,-1,-1
78,203,828.000,145.000,326.000,475.000,1,-1,-1,-1
79,201,292.000,175.000,225.000,725.000,1,-1,-1,-1
79,202,1231.000,245.000,270.000,720.000,1,-1,-1,-1
79,203,829.000,145.000,325.000,475.000,1,-1,-1,-1
80,201,291.000,175.000,225.000,725.000,1,-1,-1,-1
80,202,1233.000,245.000,270.000,720.000,1,-1,-1,-1
80,203,830.000,145.000,324.000,475.000,1,-1,-1,-1
81,201,290.000,175.000,225.000,725.000,1,-1,-1,-1
81,202,1235.000,245.000,270.000,720.000,1,-1,-1,-1
81,203,830.000,145.000,325.000,475.000,1,-1,-1,-1
82,201,289.000,175.000,225.000,725.000,1,-1,-1,-1
82,202,1237.000,245.000,270.000,720.000,1,-1,-1,-1
82,203,830.000,145.000,326.000,475.000,1,-1,-1,-1
83,201,288.000,175.000,225.000,725.000,1,-1,-1,-1
83,202,1239.000,245.000,270.000,720.000,1,-1,-1,-1
83,203,831.000,145.000,325.000,475.000,1,-1,-1,-1
84,201,287.000,175.000,225.000,725.000,1,-1,-1,-1
84,202,1241.000,245.000,270.000,720.000,1,-1,-1,-1
84,203,832.000,145.000,324.000,475.000,1,-1,-1,-1
85,201,286.000,175.000,225.000,725.000,1,-1,-1,-1
85,202,1243.000,245.000,270.000,720.000,1,-1,-1,-1
85,203,832.000,145.000,325.000,475.000,1,-1,-1,-1
86,201,285.000,175.000,225.000,725.000,1,-1,-1,-1
86,202,1245.000,245.000,270.000,720.000,1,-1,-1,-1
86,203,832.000,145.000,326.000,475.000,1,-1,-1,-1
87,201,284.000,175.000,225.000,725.000,1,-1,-1,-1
87,202,1247.000,245.000,270.000,720.000,1,-1,-1,-1
87,203,833.000,145.000,325.000,475.000,1,-1,-1,-1
88,201,283.000,175.000,225.000,725.000,1,-1,-1,-1
88,202,1249.000,245.000,270.000,720.000,1,-1,-1,-1
88,203,834.000,145.000,324.000,475.000,1,-1,-1,-1
89,201,282.000,175.000,225.000,725.000,1,-1,-1,-1
89,202,1251.000,245.000,270.000,720.000,1,-1,-1,-1
89,203,834.000,145.000,325.000,475.000,1,-1,-1,-1
90,201,281.000,175.000,225.000,725.000,1,-1,-1,-1
90,202,1253.000,245.000,270.000,720.000,1,-1,-1,-1
90,203,834.000,145.000,326.000,475.000,1,-1,-1,-1
91,301,295.000,180.000,225.000,720.000,1,-1,-1,-1
91,302,1260.000,245.000,275.000,725.000,1,-1,-1,-1
91,303,820.000,145.000,330.000,475.000,1,-1,-1,-1
92,301,294.000,180.000,225.000,720.000,1,-1,-1,-1
92,302,1262.000,245.000,275.000,725.000,1,-1,-1,-1
92,303,820.000,145.000,330.000,475.000,1,-1,-1,-1
93,301,293.000,180.000,225.000,720.000,1,-1,-1,-1
93,302,1264.000,245.000,275.000,725.000,1,-1,-1,-1
93,303,821.000,145.000,330.000,475.000,1,-1,-1,-1
94,301,292.000,180.000,225.000,720.000,1,-1,-1,-1
94,302,1266.000,245.000,275.000,725.000,1,-1,-1,-1
94,303,822.000,145.000,330.000,475.000,1,-1,-1,-1
95,301,291.000,180.000,225.000,720.000,1,-1,-1,-1
95,302,1268.000,245.000,275.000,725.000,1,-1,-1,-1
95,303,822.000,145.000,330.000,475.000,1,-1,-1,-1
96,301,290.000,180.000,225.000,720.000,1,-1,-1,-1
96,302,1270.000,245.000,275.000,725.000,1,-1,-1,-1
96,303,822.000,145.000,330.000,475.000,1,-1,-1,-1
97,301,289.000,180.000,225.000,720.000,1,-1,-1,-1
97,302,1272.000,245.000,275.000,725.000,1,-1,-1,-1
97,303,823.000,145.000,330.000,475.000,1,-1,-1,-1
98,301,288.000,180.000,225.000,720.000,1,-1,-1,-1
98,302,1274.000,245.000,275.000,725.000,1,-1,-1,-1
98,303,824.000,145.000,330.000,475.000,1,-1,-1,-1
99,301,287.000,180.000,225.000,720.000,1,-1,-1,-1
99,302,1276.000,245.000,275.000,725.000,1,-1,-1,-1
99,303,824.000,145.000,330.000,475.000,1,-1,-1,-1
100,301,286.000,180.000,225.000,720.000,1,-1,-1,-1
100,302,1278.000,245.000,275.000,725.000,1,-1,-1,-1
100,303,824.000,145.000,330.000,475.000,1,-1,-1,-1
101,301,285.000,180.000,225.000,720.000,1,-1,-1,-1
101,302,1280.000,245.000,275.000,725.000,1,-1,-1,-1
101,303,825.000,145.000,330.000,475.000,1,-1,-1,-1
102,301,284.000,180.000,225.000,720.000,1,-1,-1,-1
102,302,1282.000,245.000,275.000,725.000,1,-1,-1,-1
102,303,826.000,145.000,330.000,475.000,1,-1,-1,-1
103,301,283.000,180.000,225.000,720.000,1,-1,-1,-1
103,302,1284.000,245.000,275.000,725.000,1,-1,-1,-1
103,303,826.000,145.000,330.000,475.000,1,-1,-1,-1
104,301,282.000,180.000,225.000,720.000,1,-1,-1,-1
104,302,1286.000,245.000,275.000,725.000,1,-1,-1,-1
104,303,826.000,145.000,330.000,475.000,1,-1,-1,-1
105,301,281.000,180.000,225.000,720.000,1,-1,-1,-1
105,302,1288.000,245.000,275.000,725.000,1,-1,-1,-1
105,303,827.000,145.000,330.000,475.000,1,-1,-1,-1
106,301,280.000,180.000,225.000,720.000,1,-1,-1,-1
106,302,1290.000,245.000,275.000,725.000,1,-1,-1,-1
106,303,828.000,145.000,330.000,475.000,1,-1,-1,-1
107,301,279.000,180.000,225.000,720.000,1,-1,-1,-1
107,302,1292.000,245.000,275.000,725.000,1,-1,-1,-1
107,303,828.000,145.000,330.000,475.000,1,-1,-1,-1
108,301,278.000,180.000,225.000,720.000,1,-1,-1,-1
108,302,1294.000,245.000,275.000,725.000,1,-1,-1,-1
108,303,828.000,145.000,330.000,475.000,1,-1,-1,-1
109,301,277.000,180.000,225.000,720.000,1,-1,-1,-1
109,302,1296.000,245.000,275.000,725.000,1,-1,-1,-1
109,303,829.000,145.000,330.000,475.000,1,-1,-1,-1
110,301,276.000,180.000,225.000,720.000,1,-1,-1,-1
110,302,1298.000,245.000,275.000,725.000,1,-1,-1,-1
110,303,830.000,145.000,330.000,475.000,1,-1,-1,-1
111,301,275.000,180.000,225.000,720.000,1,-1,-1,-1
111,302,1300.000,245.000,275.000,725.000,1,-1,-1,-1
111,303,830.000,145.000,330.000,475.000,1,-1,-1,-1
112,301,274.000,180.000,225.000,720.000,1,-1,-1,-1
112,302,1302.000,245.000,275.000,725.000,1,-1,-1,-1
112,303,830.000,145.000,330.000,475.000,1,-1,-1,-1
113,301,273.000,180.000,225.000,720.000,1,-1,-1,-1
113,302,1304.000,245.000,275.000,725.000,1,-1,-1,-1
113,303,831.000,145.000,330.000,475.000,1,-1,-1,-1
114,301,272.000,180.000,225.000,720.000,1,-1,-1,-1
114,302,1306.000,245.000,275.000,725.000,1,-1,-1,-1
114,303,832.000,145.000,330.000,475.000,1,-1,-1,-1
115,301,271.000,180.000,225.000,720.000,1,-1,-1,-1
115,302,1308.000,245.000,275.000,725.000,1,-1,-1,-1
115,303,832.000,145.000,330.000,475.000,1,-1,-1,-1
116,301,270.000,180.000,225.000,720.000,1,-1,-1,-1
116,302,1310.000,245.000,275.000,725.000,1,-1,-1,-1
116,303,832.000,145.000,330.000,475.000,1,-1,-1,-1
117,301,269.000,180.000,225.000,720.000,1,-1,-1,-1
117,302,1312.000,245.000,275.000,725.000,1,-1,-1,-1
117,303,833.000,145.000,330.000,475.000,1,-1,-1,-1
118,301,268.000,180.000,225.000,720.000,1,-1,-1,-1
118,302,1314.000,245.000,275.000,725.000,1,-1,-1,-1
118,303,834.000,145.000,330.000,475.000,1,-1,-1,-1
119,301,267.000,180.000,225.000,720.000,1,-1,-1,-1
119,302,1316.000,245.000,275.000,725.000,1,-1,-1,-1
119,303,834.000,145.000,330.000,475.000,1,-1,-1,-1
120,301,266.000,180.000,225.000,720.000,1,-1,-1,-1
120,302,1318.000,245.000,275.000,725.000,1,-1,-1,-1
120,303,834.000,145.000,330.000,475.000,1,-1,-1,-1
